5.000000000000000000e+03
9.769582772049056075e+03
9.990182767329371927e+03
9.999599929984306073e+03
9.999983696609822800e+03
9.999999335614964366e+03
9.999999972925419570e+03
9.999999998896673787e+03
9.999999999955038220e+03
9.999999999998166459e+03
9.999999999999923602e+03
9.999999999999996362e+03
9.999999999999996362e+03
9.999999999999996362e+03
9.999999999999996362e+03
9.999999999999996362e+03
9.999999999999996362e+03
9.999999999999996362e+03
9.999999999999996362e+03
9.999999999999996362e+03
9.999999999999996362e+03
9.999999999999996362e+03
9.999999999999996362e+03
9.999999999999996362e+03
9.999999999999996362e+03
9.999999999999996362e+03
9.999999999999996362e+03
9.999999999999996362e+03
9.999999999999996362e+03
9.999999999999996362e+03
9.999999999999996362e+03
9.999999999999996362e+03
9.999999999999996362e+03
9.999999999999996362e+03
9.999999999999996362e+03
9.999999999999996362e+03
9.999999999999996362e+03
9.999999999999996362e+03
9.999999999999996362e+03
9.999999999999996362e+03
9.999999999999996362e+03
9.999999999999996362e+03
9.999999999999996362e+03
9.999999999999996362e+03
9.999999999999996362e+03
9.999999999999996362e+03
9.999999999999996362e+03
9.999999999999996362e+03
9.999999999999996362e+03
9.999999999999996362e+03
9.999999999999996362e+03
9.999999999999996362e+03
9.999999999999996362e+03
9.999999999999996362e+03
9.999999999999996362e+03
9.999999999999996362e+03
9.999999999999996362e+03
9.999999999999996362e+03
9.999999999999996362e+03
9.999999999999996362e+03
9.999999999999996362e+03
9.999999999999996362e+03
9.999999999999996362e+03
9.999999999999996362e+03
9.999999999999996362e+03
9.999999999999996362e+03
9.999999999999996362e+03
9.999999999999996362e+03
9.999999999999996362e+03
9.999999999999996362e+03
9.999999999999996362e+03
9.999999999999996362e+03
9.999999999999996362e+03
9.999999999999996362e+03
9.999999999999996362e+03
9.999999999999996362e+03
9.999999999999996362e+03
9.999999999999996362e+03
9.999999999999996362e+03
9.999999999999996362e+03
9.999999999999996362e+03
9.999999999999996362e+03
9.999999999999996362e+03
9.999999999999996362e+03
9.999999999999996362e+03
9.999999999999996362e+03
9.999999999999996362e+03
9.999999999999996362e+03
9.999999999999996362e+03
9.999999999999996362e+03
9.999999999999996362e+03
9.999999999999996362e+03
9.999999999999996362e+03
9.999999999999996362e+03
9.999999999999996362e+03
9.999999999999996362e+03
9.999999999999996362e+03
9.999999999999996362e+03
9.999999999999996362e+03
9.999999999999996362e+03
9.999999999999996362e+03
