5.000000000000000000e+03
9.746607981698718504e+03
9.926126608009391930e+03
9.890568576366726120e+03
9.852488364562193965e+03
9.814265690315756729e+03
9.774289758280519891e+03
9.732462422347311076e+03
9.688571713967792675e+03
9.643180697830932331e+03
9.597171208477939217e+03
9.551079133279945381e+03
9.507440019864983697e+03
9.465166580071356293e+03
9.421471842313283560e+03
9.376649781068506854e+03
9.330541464583151537e+03
9.283804225200012297e+03
9.235332901627960382e+03
9.185485494691265558e+03
9.132757933341788885e+03
9.077082161055999677e+03
9.016941764251416316e+03
8.951518823422260539e+03
8.879665605637408589e+03
8.800726302518476587e+03
8.716024640604811793e+03
8.627174901383266842e+03
8.537747339346786248e+03
8.449168962739211565e+03
8.363330448332071683e+03
8.279825435778986503e+03
8.199045053720876240e+03
8.119898970811585968e+03
8.043050449228107027e+03
7.969362088343323194e+03
7.904440453330918899e+03
7.850777006767677449e+03
7.797481592271111367e+03
7.737847405414295281e+03
7.675459771783274846e+03
7.610760076382341140e+03
7.545959385531806220e+03
7.480356427692639045e+03
7.413107912145942464e+03
7.342022751142580091e+03
7.268620996382878729e+03
7.192055194757460413e+03
7.114061456104120225e+03
7.033947543423222669e+03
6.953210882990233586e+03
6.871338527957240331e+03
6.789133217748335483e+03
6.706552251377703215e+03
6.624253138270882118e+03
6.542492025570947590e+03
6.462887608682907739e+03
6.385414624382628972e+03
6.310884390940662342e+03
6.237592719021306038e+03
6.165915115686408171e+03
6.094988566950114546e+03
6.025251648402108003e+03
5.956287887459518060e+03
5.888831340901912881e+03
5.822926007515333367e+03
5.760154135366455193e+03
5.698938448938605688e+03
5.636923927291049040e+03
5.574083771585090290e+03
5.511760414992561891e+03
5.450225030452568717e+03
5.390704161655761709e+03
5.333493451888378331e+03
5.279063677186981295e+03
5.227657895002963414e+03
5.178739343902424480e+03
5.133011245102221437e+03
5.090215110226343313e+03
5.051295816738303984e+03
5.016126981920986509e+03
4.984923913257658569e+03
4.957434468218156326e+03
4.933570910536312113e+03
4.912853390504596973e+03
4.895443042986893488e+03
4.880803894941109320e+03
4.868509612913052479e+03
4.858306800847251907e+03
4.849183934918019986e+03
4.840058458368766878e+03
4.835498158798929580e+03
4.834816426697738279e+03
4.834704044497125324e+03
4.834878116775556009e+03
4.834994681963490621e+03
4.835075254177959323e+03
4.835127742020992628e+03
4.835167194790657959e+03
4.835203974254593049e+03
4.835238762812758978e+03
