8.375000000000000000e+01
2.074652313920724112e+01
3.640943250598311209e+01
5.831402564094387486e+01
7.738647852312404041e+01
9.671775505080668722e+01
1.170674675057111926e+02
1.383005763959501451e+02
1.605381686213296177e+02
1.835706211967044226e+02
2.067757721215058098e+02
2.299430608003757470e+02
2.517524161215089293e+02
2.729913836815958348e+02
2.952079510624260479e+02
3.178360909954555495e+02
3.412065691964878624e+02
3.648010711937524206e+02
3.894043996379757004e+02
4.146365902694571446e+02
4.414973958943070329e+02
4.697855051836419307e+02
5.005380196392995344e+02
5.339184395080638978e+02
5.707428065018067400e+02
6.110287903977769020e+02
6.542139198520619630e+02
6.991753193761546754e+02
7.443120946297240152e+02
7.887564979289735447e+02
8.318839528008959405e+02
8.736920737945284827e+02
9.143012376212075196e+02
9.539787179963697099e+02
9.926035325404683363e+02
1.029314804651590748e+03
1.061226344900408321e+03
1.087451666323172049e+03
1.114735589397955209e+03
1.145158066046833710e+03
1.176851085251611721e+03
1.209545114576916831e+03
1.242256052901179601e+03
1.275354331266953977e+03
1.309508456656938506e+03
1.345581678095394182e+03
1.382814728124491467e+03
1.421601679640054726e+03
1.461056651768497204e+03
1.501566783587676355e+03
1.542323466181404683e+03
1.583662776708481033e+03
1.625133700341398708e+03
1.666759394903087241e+03
1.708237840475316261e+03
1.749344957169143981e+03
1.789304955193623300e+03
1.828144375959947865e+03
1.865515864619570493e+03
1.902368148334344141e+03
1.938375904563986978e+03
1.974074834956519226e+03
2.009126284351127879e+03
2.043826249931715665e+03
2.077690837238912536e+03
2.110768877844193412e+03
2.142126930275095219e+03
2.172969763303462059e+03
2.204298563256822945e+03
2.236025726684755227e+03
2.267360208453137147e+03
2.298316919029459314e+03
2.328104407018968686e+03
2.356782207434622705e+03
2.383944849548772254e+03
2.409657985203862154e+03
2.434081122638184752e+03
2.456889903726163084e+03
2.478200422066139254e+03
2.497499894968414992e+03
2.514922754358110979e+03
2.530333825502581021e+03
2.543893123396352621e+03
2.555642739306474596e+03
2.565832468006784438e+03
2.574344964350274495e+03
2.581521591863673621e+03
2.587532154711901057e+03
2.592523686075375736e+03
2.597079210755483473e+03
2.601642393189296854e+03
2.603427508531564854e+03
2.603622011108946936e+03
2.603640381698782221e+03
2.603543725144553719e+03
2.603490745910868100e+03
2.603452267960299650e+03
2.603427933996624688e+03
2.603408570427038740e+03
2.603390222218390591e+03
2.603372810892258713e+03
