5.000000000000000000e+03
9.059080982316289010e+03
9.737694883931095319e+03
9.816759919628857460e+03
9.727720673911249833e+03
9.659226665427639091e+03
9.622839851576340152e+03
9.593241988999961904e+03
9.552280589605174100e+03
9.494950250337609759e+03
9.447166850899151541e+03
9.416765866999783611e+03
9.376090101673806203e+03
9.327793586148100076e+03
9.277897166208029375e+03
9.222708059081956890e+03
9.162722054931553430e+03
9.102419459544389611e+03
9.045505932991285590e+03
8.992140618357092535e+03
8.939277767533034421e+03
8.885383292190155771e+03
8.831573651517617691e+03
8.777292229729151586e+03
8.720206706659286283e+03
8.660702197711334520e+03
8.600617069115414779e+03
8.539268460893519659e+03
8.476577735652346746e+03
8.416142277536358961e+03
8.363925874054039014e+03
8.322939712094665083e+03
8.268742870640582623e+03
8.195659308079064431e+03
8.134045561734842522e+03
8.092024323263069164e+03
8.047272709954054335e+03
7.995346330392511845e+03
7.941343627290361837e+03
7.884020117711531384e+03
7.814635357164735069e+03
7.732675450806476874e+03
7.650053465129463802e+03
7.573783779582756324e+03
7.500205037660673042e+03
7.426140396675229567e+03
7.360146122893275788e+03
7.306951024561457416e+03
7.247839280590938870e+03
7.193669701967566652e+03
7.157700572820940579e+03
7.120605943855646728e+03
7.075501496928019151e+03
7.041495642654514995e+03
7.011132992343042133e+03
6.976914795453047191e+03
6.942586916405509328e+03
6.907546395726947594e+03
6.869361607093797829e+03
6.829859501599614305e+03
6.791307368228917767e+03
6.755010082730855174e+03
6.722488557370321359e+03
6.686119511716665329e+03
6.636135130807780115e+03
6.584903824514957705e+03
6.537417468350549825e+03
6.484370991232350207e+03
6.422085736979097419e+03
6.352685740355498638e+03
6.277577720296170810e+03
6.197822973694041139e+03
6.119628031849796571e+03
6.055110666581416808e+03
6.012893058769147501e+03
5.988741801177426169e+03
5.966513099081879773e+03
5.931146252148031635e+03
5.895333729518473774e+03
5.869041304814404612e+03
5.846829443828525655e+03
5.832723262402165346e+03
5.826472930677047771e+03
5.819470465597683869e+03
5.812874314619572033e+03
5.806999610393964758e+03
5.799293436642989036e+03
5.791000381644686968e+03
5.783345970539377049e+03
5.775690921007511861e+03
5.768519003523868378e+03
5.762258607308043793e+03
5.756582654914081104e+03
5.751597028491081801e+03
5.747417400533106047e+03
5.743813541689143676e+03
5.740663833839728795e+03
5.737888555542183894e+03
5.735281843124578700e+03
5.732714411938613921e+03
5.730181793603596816e+03
