5.000000000000000000e+03
8.962779597598519103e+03
9.586709972346196082e+03
9.598083112789450752e+03
9.506069985242960684e+03
9.391175939374492373e+03
9.268107026686888275e+03
9.141552139385119517e+03
9.012624153479886445e+03
8.881498307026735347e+03
8.748884842988221862e+03
8.617921555759274270e+03
8.492529611610212669e+03
8.371823818718863549e+03
8.253372757539109443e+03
8.138692627664971951e+03
8.030433437685392164e+03
7.926843346534954435e+03
7.826482808944952922e+03
7.731467637057697175e+03
7.641834748635292272e+03
7.553922552156915117e+03
7.463121615654368725e+03
7.365996012224737569e+03
7.259416881732521688e+03
7.140124739238458460e+03
7.005961403752750812e+03
6.858076563084083318e+03
6.700849788565818017e+03
6.545388466520831571e+03
6.412087163399039127e+03
6.310589085175163746e+03
6.221657563731144364e+03
6.127574963126900911e+03
6.047041368975993464e+03
5.981192445144147314e+03
5.919567087917514073e+03
5.863523032159149807e+03
5.813994885744240491e+03
5.769629994306666049e+03
5.732112515863931549e+03
5.701826140684423990e+03
5.671751605479844329e+03
5.643913931162844165e+03
5.628540966604398818e+03
5.621370544463998158e+03
5.610126047009828653e+03
5.597722219709057754e+03
5.593100893354133405e+03
5.588507894201382442e+03
5.580089891482056373e+03
5.574498557964080646e+03
5.571371351578454778e+03
5.566589541036412811e+03
5.560596623376504795e+03
5.554861866234450645e+03
5.549336552504189967e+03
5.543613704887555286e+03
5.537366969921813507e+03
5.532032458760134432e+03
5.528618402266131852e+03
5.526039904256336740e+03
5.524733420231903438e+03
5.522606366157972843e+03
5.519327553480108691e+03
5.516557399484068810e+03
5.514308205490749060e+03
5.512265797795218532e+03
5.510602323747694754e+03
5.510761424605181674e+03
5.510253422457953093e+03
5.508332634439339927e+03
5.507286343831418890e+03
5.506474675736301833e+03
5.504939473372220164e+03
5.503947685565433858e+03
5.503308441213433980e+03
5.501752989090026858e+03
5.499943134288074361e+03
5.499235430621346495e+03
5.499932145340041643e+03
5.500710457959681662e+03
5.499766842006566549e+03
5.498069303183073316e+03
5.497503635254091023e+03
5.496939774152894643e+03
5.495999724744256127e+03
5.495425884079356365e+03
5.494796379811706174e+03
5.493837652057232845e+03
5.493040038225676653e+03
5.492320360218484893e+03
5.491414447181336072e+03
5.490568035533444345e+03
5.489839449131013680e+03
5.489033144833976621e+03
5.488243967795500794e+03
5.487578736396810200e+03
5.486930734231579663e+03
5.486326885498209776e+03
5.485889097425499131e+03
