5.000000000000000000e+03
9.028099776683069649e+03
9.747285405536140388e+03
9.827132948731672514e+03
9.800927266930424594e+03
9.764334722520241485e+03
9.719109423636395150e+03
9.675470659113363581e+03
9.631962728865000827e+03
9.588206217550094152e+03
9.544759560550010065e+03
9.500967540728976019e+03
9.455924201691183043e+03
9.408851846500418105e+03
9.358793458872338306e+03
9.304503072500072449e+03
9.244405193118993338e+03
9.177025198021397955e+03
9.102358504049305338e+03
9.023994329336534065e+03
8.948863184294856183e+03
8.880670458080123353e+03
8.815337510703178850e+03
8.747853995610586935e+03
8.678762455943387977e+03
8.608089326803266886e+03
8.532040792601286739e+03
8.451817581624571176e+03
8.371423442899465954e+03
8.289670237193529829e+03
8.206075322621540181e+03
8.125116043221362816e+03
8.050800472952396376e+03
7.986922172050333756e+03
7.931851417218242204e+03
7.865386234519525715e+03
7.786323064173002422e+03
7.703493183224092718e+03
7.615751994689372623e+03
7.516928727277375401e+03
7.402951499067166878e+03
7.273894613641126853e+03
7.131972080759845085e+03
6.981280988496897407e+03
6.826943209479633879e+03
6.676358528483700866e+03
6.536905790918628554e+03
6.400637612643650755e+03
6.274702563949560499e+03
6.170508167158601282e+03
6.075028580673197212e+03
5.990358281158997670e+03
5.923326155722122166e+03
5.857813052262484234e+03
5.795052209896401109e+03
5.745022453348350609e+03
5.710368237771273925e+03
5.681084678299548614e+03
5.652263897229972827e+03
5.636120879452222653e+03
5.625732178231526632e+03
5.607544660145434136e+03
5.592888766462431704e+03
5.586458716319700216e+03
5.576813665424103419e+03
5.567431332704532906e+03
5.565818978906761004e+03
5.564703537138844695e+03
5.561476457510806540e+03
5.561878224148429581e+03
5.563108288996185365e+03
5.561295764206833155e+03
5.560522232600822463e+03
5.561487433759626583e+03
5.560754188693783362e+03
5.559895195460161631e+03
5.560663666292164635e+03
5.560682467256509881e+03
5.559876194125343318e+03
5.560128001881235832e+03
5.560392300304758464e+03
5.559810351653003636e+03
5.559716934926891554e+03
5.560000157897444296e+03
5.559659700643803262e+03
5.559359516557222378e+03
5.559496388699202726e+03
5.559313760170018213e+03
5.558939598105836922e+03
5.558894078988585534e+03
5.558769990785087430e+03
5.558390309090971641e+03
5.558174559049316485e+03
5.558013450835454023e+03
5.557633792050273769e+03
5.557273094810507246e+03
5.557001341831777609e+03
5.556582872498342113e+03
5.556091054033629916e+03
5.555662609482748849e+03
5.555155534991865352e+03
