5.625000000000000000e+01
5.211647682159586026e+01
3.853763431191034528e+01
6.357505709857036180e+01
7.677460877925275895e+01
9.233974023589109947e+01
1.094801410763957108e+02
1.253238158471618817e+02
1.414062922177129735e+02
1.575215091097090578e+02
1.734931487653725810e+02
1.897074999217182096e+02
2.065004908507744119e+02
2.241455165857326790e+02
2.430325593971827516e+02
2.636565330247162251e+02
2.866416583040346495e+02
3.124709371274439604e+02
3.408876755954264581e+02
3.700037527341807504e+02
3.969762629740254170e+02
4.212233472806955774e+02
4.451704904235739377e+02
4.703951985798707938e+02
4.959814095176874389e+02
5.223687219123740988e+02
5.511862865241567988e+02
5.810920410780937573e+02
6.106912671041608291e+02
6.410935890446648955e+02
6.720157216781078660e+02
7.012977184652693268e+02
7.276606879000705703e+02
7.496563722027100312e+02
7.693516021795433062e+02
7.959856098732362852e+02
8.263018602092745368e+02
8.571973047039439280e+02
8.904104452391752602e+02
9.285235800204304724e+02
9.725762779610182633e+02
1.022072845408283115e+03
1.075944365734135772e+03
1.132438476979528559e+03
1.189557600726458077e+03
1.244132886410541914e+03
1.294086333164586222e+03
1.344137349924655837e+03
1.388345238204530233e+03
1.424062627813914560e+03
1.458658744001840205e+03
1.487618494400966028e+03
1.510546365577530196e+03
1.534852700979840392e+03
1.557158745254654605e+03
1.573637442180705420e+03
1.584529710220878314e+03
1.595151388216931082e+03
1.605323850243117704e+03
1.609321131159254946e+03
1.613207876714965778e+03
1.620858413117389773e+03
1.625166102781074414e+03
1.626860315083705927e+03
1.631074885492592784e+03
1.634002613168960579e+03
1.633661007053515732e+03
1.634361726347140802e+03
1.635601417149663121e+03
1.634889561703169647e+03
1.634604652046833053e+03
1.635603431632559705e+03
1.635577408154215163e+03
1.635142899921068192e+03
1.635679092241439321e+03
1.635867708000270341e+03
1.635425281819412476e+03
1.635602772111501281e+03
1.635917076485940015e+03
1.635671478001231208e+03
1.635651980634434267e+03
1.635941389720322377e+03
1.635870154422327232e+03
1.635769662904664983e+03
1.635979037771485764e+03
1.636041377697114058e+03
1.635957186880456902e+03
1.636086580267600084e+03
1.636219294962723779e+03
1.636194840315054762e+03
1.636273833845682020e+03
1.636432641377589562e+03
1.636481279542516859e+03
1.636550713972771518e+03
1.636716983975890571e+03
1.636835527010702435e+03
1.636933080734796022e+03
1.637111040392552013e+03
1.637292507726466056e+03
1.637444262185518483e+03
1.637647842493176086e+03
