1.000000000000000000e+02
8.888900557996454665e+01
5.239090586457506760e+01
7.234578759627835609e+01
1.160698713321058761e+02
1.377211101877656176e+02
1.486570393175178992e+02
1.600363542922247007e+02
1.776261760698841101e+02
2.013470049925269620e+02
2.170292513167244408e+02
2.277492979734141443e+02
2.450708065152300037e+02
2.640732500179022963e+02
2.835264799586952336e+02
3.054478267791073449e+02
3.289416614965301733e+02
3.519529139007464096e+02
3.732949139724241832e+02
3.934188525443165076e+02
4.137584659156585190e+02
4.345601574848301425e+02
4.551770553629157234e+02
4.761618006432333345e+02
4.984639803055474090e+02
5.215129214411736029e+02
5.446306701829744270e+02
5.683932564468572082e+02
5.925455316598545323e+02
6.152715643999669055e+02
6.340117589727956329e+02
6.487530140961064262e+02
6.723051238667713960e+02
7.017727894489743221e+02
7.228883076613484491e+02
7.373832385419339062e+02
7.554441341852407277e+02
7.760692478239562888e+02
7.969618288926349123e+02
8.196429711657880262e+02
8.480668306493920454e+02
8.807294027464583905e+02
9.120688489838016721e+02
9.405644525599020653e+02
9.687085213331981777e+02
9.970981489962866817e+02
1.020834330785573684e+03
1.040317402216735445e+03
1.063965675631597833e+03
1.083202766026297923e+03
1.095046720114607297e+03
1.110387756289506797e+03
1.127893382372777978e+03
1.139427065726046294e+03
1.151178676855320418e+03
1.164691145748855206e+03
1.177802119616921345e+03
1.191480855199582265e+03
1.206511352327581790e+03
1.221715913959416184e+03
1.236351380371743289e+03
1.249936506139928497e+03
1.261994405276757107e+03
1.277043999175105682e+03
1.297731970893805055e+03
1.316985170416274968e+03
1.335032013955133607e+03
1.356396118859882790e+03
1.381398098551710973e+03
1.408843977658163112e+03
1.438358304499763790e+03
1.469436750032931968e+03
1.498862434513569497e+03
1.521414127884593199e+03
1.534828431119477273e+03
1.542244158658445940e+03
1.551428236043748711e+03
1.566511759301594338e+03
1.579635417426470212e+03
1.588635768251551099e+03
1.596767824385532549e+03
1.600861301733623577e+03
1.602687116766156805e+03
1.605567956402863956e+03
1.607929122768878642e+03
1.610213902909631543e+03
1.613417004961996099e+03
1.616580884564766166e+03
1.619458416469725762e+03
1.622402858463649864e+03
1.625060413916177595e+03
1.627360216500226443e+03
1.629471746701244911e+03
1.631288259260692712e+03
1.632798432362854328e+03
1.634118446597391539e+03
1.635272056768814309e+03
1.636297376542483107e+03
1.637284640677949028e+03
1.638266515218720997e+03
1.639233792659015307e+03
