7.650000000000000000e+01
6.624629483396948615e+01
1.098183918209055037e+02
1.488024542536013541e+02
1.806390519490394979e+02
2.099629485200792658e+02
2.392807087221256666e+02
2.700265489694043026e+02
3.023937810628971192e+02
3.357954347803609494e+02
3.695084702807367307e+02
4.030768906981426767e+02
4.361942219187524756e+02
4.680455884716135415e+02
4.979095136766454175e+02
5.267216442633252882e+02
5.553326728468919100e+02
5.836048286896422042e+02
6.113034597532384851e+02
6.388720500881702264e+02
6.667329987825542048e+02
6.951734638968546278e+02
7.240059209112374674e+02
7.530414011711409330e+02
7.822818392003490544e+02
8.116243489974383465e+02
8.417227183403392701e+02
8.732628971017809363e+02
9.073485347115126842e+02
9.449651399923094459e+02
9.858413751468626742e+02
1.030118376133817947e+03
1.075609611397000435e+03
1.119697056976556269e+03
1.160668232356551016e+03
1.197699520321634736e+03
1.230613718373762367e+03
1.259539694185003327e+03
1.287375443434047838e+03
1.318561344743387508e+03
1.350075666254605949e+03
1.378487994050767156e+03
1.405774063485427632e+03
1.432254829768263789e+03
1.455183216244932737e+03
1.477578506912330340e+03
1.500570198838190436e+03
1.523945590173904293e+03
1.546854717445560709e+03
1.566508220773484481e+03
1.581351996250200500e+03
1.593619036077936698e+03
1.602304077234171018e+03
1.608172570536921285e+03
1.615091868079763572e+03
1.620564210921439098e+03
1.625038093797484180e+03
1.629810766231559228e+03
1.633672545589123047e+03
1.636944138450607170e+03
1.640334619072671785e+03
1.642156087561173763e+03
1.643315821826861338e+03
1.645282092035824235e+03
1.646910639991090420e+03
1.648175716737420771e+03
1.649390215835332356e+03
1.649813788017951538e+03
1.650140020484290744e+03
1.650927955581531023e+03
1.651460010062043466e+03
1.651756115669191786e+03
1.652222659023662118e+03
1.652693534534229457e+03
1.653080088666323036e+03
1.653542500711247158e+03
1.654055230710782098e+03
1.654547093750999011e+03
1.655075251019320149e+03
1.655668208304665541e+03
1.656311175319009635e+03
1.657027468475038404e+03
1.657819497252087785e+03
1.658605176512840444e+03
1.659266284879655132e+03
1.659841616125329892e+03
1.660505859335059768e+03
1.661239135289137494e+03
1.661947288912835802e+03
1.662677779267023880e+03
1.663437413954721251e+03
1.664150722914238486e+03
1.664809499565390752e+03
1.665447973701933734e+03
1.666069896351641773e+03
1.666666991239406116e+03
1.667238299269519075e+03
1.667796474924542963e+03
1.668377144650667560e+03
1.669038107789222977e+03
1.669859380509614311e+03
