5.000000000000000000e+03
9.106084694679524546e+03
9.652840204401309165e+03
9.647068709818697243e+03
9.569166768440267333e+03
9.478889075779712584e+03
9.383616403876700133e+03
9.285306483862123059e+03
9.184897921760208192e+03
9.082697016752019408e+03
8.979600145175259968e+03
8.875208599938396219e+03
8.769823927913897933e+03
8.666597925998576102e+03
8.569363793357088070e+03
8.477093987496229602e+03
8.385793268201985484e+03
8.296929160552132089e+03
8.212359709654076141e+03
8.130509456445463002e+03
8.049551303704380189e+03
7.971215088214782554e+03
7.895729796701369196e+03
7.822278239408027730e+03
7.750942633250873769e+03
7.679153997756844547e+03
7.605053761196514643e+03
7.526516298649074088e+03
7.441607911066305860e+03
7.348519074182650002e+03
7.246170364984869593e+03
7.133637414370228726e+03
7.012699341279914734e+03
6.888178277802519005e+03
6.768034806858689990e+03
6.661425046637560627e+03
6.569534692006913247e+03
6.486742800867599726e+03
6.405531292170127017e+03
6.325088005375454486e+03
6.248767826994177994e+03
6.178623549448828271e+03
6.114266538832478545e+03
6.056537323861066398e+03
6.005273566758886773e+03
5.959042133495358939e+03
5.917157601700335363e+03
5.879497878665895769e+03
5.846139188601295245e+03
5.818303971705603544e+03
5.795970872540621713e+03
5.774156590366927048e+03
5.753466358946153377e+03
5.738294843064135421e+03
5.727775753183197594e+03
5.720550174505724499e+03
5.716387890515490653e+03
5.711634589472964763e+03
5.705595429621223047e+03
5.700086669779670046e+03
5.695135533710725213e+03
5.690404451771861204e+03
5.686180645114711297e+03
5.682250856592461787e+03
5.678460174650237605e+03
5.676204367098864168e+03
5.675017045987963684e+03
5.671412177043914198e+03
5.667898862323132562e+03
5.666029031375315753e+03
5.663527127722045407e+03
5.660796704860913451e+03
5.658939638149823622e+03
5.657044235087524612e+03
5.654912107252381247e+03
5.653075432219683535e+03
5.651150956437964851e+03
5.648704704937459610e+03
5.646042127536462431e+03
5.644386073270528868e+03
5.643193509229286065e+03
5.640370959827527258e+03
5.638770048753278388e+03
5.638468113378974522e+03
5.637469077888341417e+03
5.637848732650331840e+03
5.637924302796320262e+03
5.637034643342309209e+03
5.636514301134127891e+03
5.635893349912994381e+03
5.634697367652413050e+03
5.633324162963142953e+03
5.631721583297835423e+03
5.630758539199986444e+03
5.631134855531638095e+03
5.630935030534261386e+03
5.630095645189122479e+03
5.629712162068306498e+03
5.629280961300779381e+03
5.628562984043537654e+03
5.627967426437946415e+03
