8.375000000000000000e+01
7.413102838609896139e+01
1.049562316787897771e+02
1.412337523942070732e+02
1.758273272995580783e+02
2.114871784332360960e+02
2.485837042510311790e+02
2.866428806296900120e+02
3.254458865278246549e+02
3.648675103149228676e+02
4.045274981438438431e+02
4.447886550992697039e+02
4.853041868237838230e+02
5.244697238495219835e+02
5.609914407578004329e+02
5.959471545907399559e+02
6.309266760202953037e+02
6.646048567022542102e+02
6.965465803062159011e+02
7.277253887472343195e+02
7.586767291426675683e+02
7.883415123376014435e+02
8.170281044984172922e+02
8.449320962989818327e+02
8.721301796104585264e+02
8.998210903700020253e+02
9.286429388973190271e+02
9.593960971349106330e+02
9.928709148555815318e+02
1.029670680030604672e+03
1.070138760612473561e+03
1.114619084723634614e+03
1.161916042464548809e+03
1.209922429654942562e+03
1.255110609179945641e+03
1.294133716542337424e+03
1.327705723568587928e+03
1.358675929238900608e+03
1.389807447438299732e+03
1.420489915899850530e+03
1.449139538314862875e+03
1.475293646270696172e+03
1.499268531776624513e+03
1.520572325956830127e+03
1.539494025005627009e+03
1.556661753177888613e+03
1.572201635389825242e+03
1.586132618593631378e+03
1.598378605251749832e+03
1.608308011855618815e+03
1.616345225192997759e+03
1.624786560602679401e+03
1.632395356416622235e+03
1.637464596602539586e+03
1.641038559735436820e+03
1.643362389124716628e+03
1.644696257202303514e+03
1.646705605170351873e+03
1.649110829374304103e+03
1.651124046589537556e+03
1.652982036807986788e+03
1.654761201018806787e+03
1.656316348026867217e+03
1.657805122443163555e+03
1.659223693517558104e+03
1.659819879787835134e+03
1.660308703712094484e+03
1.661998155338494598e+03
1.663180006216832908e+03
1.663769047547872560e+03
1.664856204873944080e+03
1.665859832089656720e+03
1.666478616797043287e+03
1.667247502156912560e+03
1.668069516558178975e+03
1.668736737837134797e+03
1.669512590699959219e+03
1.670517513923550041e+03
1.671533377360946588e+03
1.672000958380902830e+03
1.672507265968306228e+03
1.673776479820978466e+03
1.674091897950429257e+03
1.674205951405514952e+03
1.674595880989576017e+03
1.674278350888937666e+03
1.674379355267062692e+03
1.674783383341078661e+03
1.674923240311615700e+03
1.675213897051107551e+03
1.675731597409738242e+03
1.676274681367389348e+03
1.676916311071269320e+03
1.677139176850313561e+03
1.676879792519499688e+03
1.677086698080038559e+03
1.677431038189234641e+03
1.677519002100865009e+03
1.677719693564981071e+03
1.678014630553486313e+03
1.678222252733072764e+03
