5.000000000000000000e+03
8.054450839927994821e+03
8.998460470323328991e+03
9.077296432717996140e+03
8.812925513125486759e+03
8.398763492982761818e+03
7.938367393558757612e+03
7.472432791663636635e+03
7.034881346176473016e+03
6.704241634715045620e+03
6.515491979268244904e+03
6.403254270806726709e+03
6.295260529429114285e+03
6.132929183316911804e+03
5.940691358940433929e+03
5.747072056624382640e+03
5.606696745045906027e+03
5.497286411778940419e+03
5.434291427856044720e+03
5.269865820700411859e+03
5.007131490563145235e+03
4.877026113404233001e+03
4.970661205728176355e+03
5.081926376343444645e+03
4.938021897520255152e+03
4.659699901921324454e+03
4.597494257739124805e+03
4.715859469945178716e+03
4.887773788610484189e+03
4.958192119345527317e+03
4.879058911453254950e+03
4.725415703194705202e+03
4.614455086491684597e+03
4.695344020698237728e+03
4.906538067159688580e+03
5.032904804587146828e+03
4.847499591321189655e+03
4.512441976703338696e+03
4.423852400344832859e+03
4.697235055165539961e+03
4.955482688607025011e+03
4.835378221939044124e+03
4.537561600491619174e+03
4.458027947693055467e+03
4.661737598447206437e+03
4.810387683663086136e+03
4.723300140392869253e+03
4.663702864485301689e+03
4.720127262370599965e+03
4.749192093513303007e+03
4.665712027824779398e+03
4.562584779371465629e+03
4.547202998957859563e+03
4.566990306923261414e+03
4.507954942639456931e+03
4.442598197468763829e+03
4.503968313014707746e+03
4.580834938168412918e+03
4.503863995372683348e+03
4.423307603898671914e+03
4.438828092058391121e+03
4.492930483624325461e+03
4.473186090222086932e+03
4.407922841430628978e+03
4.420434517528303331e+03
4.444117693728823724e+03
4.449206154749986126e+03
4.450450311361502827e+03
4.439073744006575907e+03
4.395163079120150542e+03
4.388789449370286093e+03
4.444378492629017273e+03
4.442802960021785111e+03
4.367816123517218330e+03
4.363629302006635044e+03
4.443084864065313923e+03
4.449047061586523341e+03
4.357834292246672703e+03
4.351610866378758146e+03
4.453065959567941718e+03
4.454103270977773718e+03
4.342887048131352458e+03
4.348543585358418568e+03
4.473963221912270456e+03
4.470858574269198471e+03
4.340285660518749864e+03
4.356306450268170011e+03
4.506997269840182526e+03
4.508463940373574587e+03
4.354451817685338938e+03
4.372721533008228107e+03
4.525437519091055947e+03
4.545496495569066610e+03
4.345128333967879371e+03
4.368753065628319746e+03
4.579230805755180882e+03
4.735508423670748016e+03
4.595437782556451566e+03
4.421263333048463210e+03
4.410482879356870399e+03
4.481172139315151981e+03
