8.375000000000000000e+01
1.302444826437500467e+02
1.742801955842282950e+02
2.837028764284929139e+02
4.176677465484055460e+02
5.652345935668752190e+02
7.100535464136503379e+02
8.506047232950470516e+02
9.742488805510976135e+02
1.049679720350186244e+03
1.081223638122714192e+03
1.103833766050535587e+03
1.139286184285900390e+03
1.198566429452839657e+03
1.260788365083920098e+03
1.316820206231645443e+03
1.349601828426616066e+03
1.376099336497561126e+03
1.387843067334925536e+03
1.465138311807706941e+03
1.554158996944939645e+03
1.556943865239793922e+03
1.492223190885153144e+03
1.467659504400250171e+03
1.567616282161306572e+03
1.655645411782149267e+03
1.628885861335224035e+03
1.565968365238790739e+03
1.508147731561908586e+03
1.514889096903995778e+03
1.562017079736934647e+03
1.621846467673804682e+03
1.635803024816835659e+03
1.575111676219463561e+03
1.492691606676506581e+03
1.484659933034552978e+03
1.603006691125708585e+03
1.713276054904672947e+03
1.679361629144435256e+03
1.535669287491280556e+03
1.485732832955348158e+03
1.596000665532621042e+03
1.698420833597540650e+03
1.670296515717463535e+03
1.564243103452967034e+03
1.547008728437530863e+03
1.612524510593266314e+03
1.612481669203529918e+03
1.578509280980809763e+03
1.581565726618069675e+03
1.628090545381201991e+03
1.654324638605393375e+03
1.643682175082224603e+03
1.634323378262727374e+03
1.671865722665826524e+03
1.680804416895911800e+03
1.640870974914847238e+03
1.623193940382896017e+03
1.677261756241936382e+03
1.690457168464340612e+03
1.670497821350114918e+03
1.649384083669106758e+03
1.676054507137061364e+03
1.693343330690534231e+03
1.677584607862497023e+03
1.670308595274864729e+03
1.672989634880202630e+03
1.671666909349150501e+03
1.680388171897369830e+03
1.696745873650916792e+03
1.689721914160340475e+03
1.662393144877154100e+03
1.681658921288036481e+03
1.709635880988374993e+03
1.695472502379223215e+03
1.657996278267221669e+03
1.679836643122064743e+03
1.715855149339583704e+03
1.698315078180915179e+03
1.650681994543239853e+03
1.681578478211944002e+03
1.722691247238465621e+03
1.695934340967465914e+03
1.639798415265152471e+03
1.679566515388080916e+03
1.725921050235316216e+03
1.690997299238907090e+03
1.624103827892705340e+03
1.670490901615427674e+03
1.724919861160071832e+03
1.684279100723044621e+03
1.618050542732778467e+03
1.656699016399885295e+03
1.738036007791039083e+03
1.680095905575418783e+03
1.590014807592383249e+03
1.569187460542352028e+03
1.664866389601136689e+03
1.707619541074264362e+03
1.679987290714272149e+03
1.650177325965251839e+03
