7.650000000000000000e+01
1.274760613319796647e+02
1.765079580632941543e+02
2.727704352926073739e+02
3.832036995282482508e+02
5.037539096685227378e+02
6.189595686143978810e+02
7.282225415607812238e+02
8.365785530982348064e+02
9.476318191401273907e+02
1.040565478540308959e+03
1.110858505673449145e+03
1.149814112178155483e+03
1.187298024631099679e+03
1.244000041144340230e+03
1.288082041230966524e+03
1.331843030867641346e+03
1.354794804706730702e+03
1.386346399946574593e+03
1.452865508972448197e+03
1.547471060953546612e+03
1.588487249949102079e+03
1.546264423675325816e+03
1.499324065387202154e+03
1.503833121282211778e+03
1.575329118263491637e+03
1.618174000961851561e+03
1.618334292039485035e+03
1.487742286046141544e+03
1.408270440658678126e+03
1.469889082806855640e+03
1.624801847003695684e+03
1.716963031405488437e+03
1.670459951723273207e+03
1.535745924505230505e+03
1.459274468793604683e+03
1.489758136577986306e+03
1.642184990931611537e+03
1.739410915478145171e+03
1.693058702340984382e+03
1.557094567634356281e+03
1.480519335449044092e+03
1.559095351416482572e+03
1.707953235543659275e+03
1.724019963687065228e+03
1.608497183162686042e+03
1.506015632735594863e+03
1.540909291750825560e+03
1.658456840609948358e+03
1.688789053627777548e+03
1.652763448810955197e+03
1.597359206550592262e+03
1.586679218956285240e+03
1.616523148062200335e+03
1.669711011734963904e+03
1.682324733261762503e+03
1.656477801345896296e+03
1.627879061504090259e+03
1.639989198924078664e+03
1.683351163009033826e+03
1.691915378137261087e+03
1.657962173165257582e+03
1.657445946826676391e+03
1.675869289363403368e+03
1.689356650822850497e+03
1.686282318440314157e+03
1.688905304622898711e+03
1.695213788861471357e+03
1.693233159490321214e+03
1.686544806832707081e+03
1.695511495061806272e+03
1.699657683587926613e+03
1.694476259568164551e+03
1.686174740175613351e+03
1.700530583490931122e+03
1.701655552345467186e+03
1.692216464862318844e+03
1.683456958104657588e+03
1.702718119891761944e+03
1.696068952902147657e+03
1.682728054437266110e+03
1.683453964281219669e+03
1.706334142414751796e+03
1.691817668615979301e+03
1.662587282979732663e+03
1.679968375338527721e+03
1.694692563601016900e+03
1.673623233595167676e+03
1.639405232937283927e+03
1.691241653576499630e+03
1.711068243449236888e+03
1.643352095691966269e+03
1.601872143542844242e+03
1.680322506493250785e+03
1.713722101401518557e+03
1.649678359896435268e+03
1.617005123444999526e+03
1.705752312513729976e+03
1.748159917372944165e+03
1.660122602408818921e+03
1.592144242367326115e+03
