5.000000000000000000e+03
8.066985301773629544e+03
8.996838211299018440e+03
9.095635927651594102e+03
8.887150702391591039e+03
8.551135147830626011e+03
8.181379851233852605e+03
7.814951068839940490e+03
7.453873177527504595e+03
7.087718240142009563e+03
6.751367344345318088e+03
6.477468027664336660e+03
6.289550789199951396e+03
6.151902391512490794e+03
5.981703806754295329e+03
5.823425844844812673e+03
5.674511082447291301e+03
5.564923329594837924e+03
5.468025855481628241e+03
5.301955846299399127e+03
5.037877124026071215e+03
4.831904482126677976e+03
4.837327667670323535e+03
4.950699418928983505e+03
5.003844444195323376e+03
4.871862161096116324e+03
4.721934407803315480e+03
4.644686991959645638e+03
4.874263822725939463e+03
5.171373183744714879e+03
5.176617459882926596e+03
4.845565653450087666e+03
4.496743627012830984e+03
4.436284931299627715e+03
4.706100164272476832e+03
4.998579549974589099e+03
5.060326625285220871e+03
4.776436019559758279e+03
4.421411512635098006e+03
4.362977501430357734e+03
4.632559517178560782e+03
4.929929732520249672e+03
4.904877890084657338e+03
4.561539025076242069e+03
4.356257408487062094e+03
4.514667260931345481e+03
4.821642669329384262e+03
4.897112130612006695e+03
4.662146688940668355e+03
4.482394873831144650e+03
4.486495020046475474e+03
4.614381667666504654e+03
4.699313401434728803e+03
4.669123010733346746e+03
4.545641552924523239e+03
4.456741155876821722e+03
4.477794758916995306e+03
4.550645077184401089e+03
4.567013352056535950e+03
4.479283451193631663e+03
4.409956233573077043e+03
4.459870947318356230e+03
4.490565861489013514e+03
4.463968732170482326e+03
4.418296007621759600e+03
4.408175785981578883e+03
4.401440642380646750e+03
4.385893159776633183e+03
4.380224754228058373e+03
4.395364469685006043e+03
4.384932087769922873e+03
4.368605493064857001e+03
4.370672575422584487e+03
4.393695640945689775e+03
4.374944552454688164e+03
4.358458825053580767e+03
4.371512209108121169e+03
4.400747331384240169e+03
4.374030648400922473e+03
4.365509420565704204e+03
4.397303443268144292e+03
4.411940766842493758e+03
4.370363095623836671e+03
4.367451469008047752e+03
4.442619139825255843e+03
4.439271418014828669e+03
4.398745557691595423e+03
4.418410330676561898e+03
4.509551300640054251e+03
4.453008465736732433e+03
4.357955856329909693e+03
4.458111851917121385e+03
4.606662773903928610e+03
4.524877597736776806e+03
4.371608776823111839e+03
4.452417889403368463e+03
4.575781322719840318e+03
4.459255088224621431e+03
4.274634157474173662e+03
4.386033217937971131e+03
4.598274952573327027e+03
