5.000000000000000000e+03
9.125778985297603867e+03
9.649047174780131172e+03
9.629808565910472680e+03
9.554518293548338988e+03
9.477718428422722354e+03
9.401480429103561619e+03
9.322521915949308095e+03
9.239481301307405374e+03
9.153299629300112429e+03
9.065765601843653712e+03
8.978233751856037998e+03
8.891546471267745801e+03
8.807463159655773779e+03
8.728104790298923035e+03
8.652174258337427091e+03
8.577408771340962630e+03
8.503426541230483053e+03
8.430816741873823048e+03
8.358888864436426957e+03
8.286560148620686959e+03
8.212904148928246286e+03
8.138106497204778861e+03
8.062675089763076357e+03
7.986618261051806257e+03
7.910329693202689668e+03
7.832548689400769035e+03
7.751611188391815631e+03
7.664997037183742577e+03
7.569821435002024373e+03
7.466160178499018002e+03
7.353545090953689396e+03
7.235985720716525975e+03
7.120035360774964829e+03
7.010709910928099816e+03
6.910984393605071091e+03
6.821789368862494484e+03
6.743105468258971086e+03
6.669964196259621531e+03
6.591123264399595428e+03
6.509007254855198880e+03
6.432704164839315126e+03
6.360834525015783584e+03
6.290755692202603313e+03
6.228365272850293877e+03
6.169621846398392336e+03
6.110025882579258905e+03
6.049468528818406412e+03
5.989259916102753778e+03
5.935264105198316429e+03
5.892865443127124308e+03
5.858655782772933890e+03
5.832854628269646128e+03
5.815584166978595931e+03
5.798078679543533326e+03
5.782530008855332198e+03
5.770287794765434228e+03
5.757893304376606466e+03
5.747090540406712535e+03
5.738180252481110983e+03
5.729297114022419009e+03
5.723257068213535604e+03
5.719869565675900958e+03
5.715227359051588792e+03
5.710695201071269366e+03
5.707184344385543227e+03
5.703889350007200846e+03
5.702167136746646975e+03
5.701300398708985995e+03
5.699529762759585537e+03
5.697936237948659254e+03
5.697024170432842766e+03
5.695920233816277687e+03
5.694681876015759372e+03
5.693627186610070567e+03
5.692481010061952475e+03
5.691176883298670873e+03
5.689886268576000475e+03
5.688543027577739849e+03
5.687047973920591176e+03
5.685416644865543276e+03
5.683613308510119168e+03
5.681609273461706834e+03
5.679552680310960568e+03
5.677730438393540680e+03
5.676173914879105723e+03
5.674511267287037299e+03
5.672646098984576383e+03
5.670788354889984475e+03
5.668907141512172529e+03
5.666945045198905063e+03
5.665049542776350791e+03
5.663292359072709587e+03
5.661610655279951061e+03
5.659974739103016873e+03
5.658398404566343743e+03
5.656888805790486003e+03
5.655424734879559765e+03
5.653932006913222722e+03
5.652278796565391531e+03
5.650273374098331260e+03
