7.650000000000000000e+01
7.758847119434929596e+01
1.211183207247120777e+02
1.637521729128912966e+02
2.004287365410337429e+02
2.358979859899505698e+02
2.729752159901350979e+02
3.124666033407456780e+02
3.530220226481814052e+02
3.932465066796227688e+02
4.330952148087329192e+02
4.722169696197900066e+02
5.098283671320230042e+02
5.464036306111811427e+02
5.826681584282341646e+02
6.186342394726515295e+02
6.543510428007264181e+02
6.898901486939151937e+02
7.249885643513174500e+02
7.600954002514985177e+02
7.947845264339835012e+02
8.289229550392543615e+02
8.632255576757135032e+02
8.992014552319096765e+02
9.379240659390604833e+02
9.806607873649165867e+02
1.028296472636916178e+03
1.079595048631002555e+03
1.132815706610237385e+03
1.184790521691546473e+03
1.231037001637351295e+03
1.271001563103631042e+03
1.308633833464713234e+03
1.342775073847793465e+03
1.375023450668747500e+03
1.409721821387821592e+03
1.443505186806224401e+03
1.473260140324400709e+03
1.500521236368949531e+03
1.524808755103754493e+03
1.545999391482076362e+03
1.563683946924020347e+03
1.577170999582898048e+03
1.588680370380617205e+03
1.598660101806343164e+03
1.605560105608693448e+03
1.611924037818918578e+03
1.618774140002802369e+03
1.622568050349867917e+03
1.624879464854262096e+03
1.628392927399443352e+03
1.631157164705306968e+03
1.632236441482449209e+03
1.633694938475202434e+03
1.635566643227951772e+03
1.636324863639986233e+03
1.636862234993603124e+03
1.638621271546662229e+03
1.640072706499662445e+03
1.640130592722422307e+03
1.640260487153645272e+03
1.641502303376925511e+03
1.642525307883153346e+03
1.643177283575891579e+03
1.644121861670599628e+03
1.645011902987640497e+03
1.645677336938626013e+03
1.646409014380943972e+03
1.647106071308675382e+03
1.647614121059822310e+03
1.648109352503165155e+03
1.648743069927006218e+03
1.649477271640956587e+03
1.650181505266964905e+03
1.650858102531587974e+03
1.651629319026676967e+03
1.652522227851184653e+03
1.653456593323817060e+03
1.654260565762939905e+03
1.654873954285402306e+03
1.655549872849672511e+03
1.656216220052595190e+03
1.656644539620400337e+03
1.656883112108494061e+03
1.656909417095250092e+03
1.656824145826376707e+03
1.657228260943253190e+03
1.657576157946144576e+03
1.657466527747612417e+03
1.657846175187353083e+03
1.658288969308144488e+03
1.658282964512139642e+03
1.658341876100347918e+03
1.658367818844452813e+03
1.657610148109244619e+03
1.656691644537241245e+03
1.657517799879494760e+03
1.658255032912385104e+03
1.658334551784854966e+03
1.658915066088989533e+03
1.659444900454524486e+03
