1.000000000000000000e+02
1.126107354992785758e+02
9.492814269472772537e+01
1.622920066892340856e+02
2.331268363570715110e+02
2.833962270697633699e+02
3.314084064759332477e+02
3.775274642983392255e+02
4.318033701970275615e+02
4.959787331911692263e+02
5.892236782587117432e+02
7.027418959687470306e+02
8.220112880827642812e+02
9.008340340597007980e+02
9.501118889050674170e+02
1.033480626711222612e+03
1.131027829133918203e+03
1.256598658148583809e+03
1.354931364779523619e+03
1.364507630719446752e+03
1.319734361495334269e+03
1.325348896976733386e+03
1.463866597538019505e+03
1.653326521925368525e+03
1.634288482093477342e+03
1.508942194362532746e+03
1.414440288027200950e+03
1.359230473068804486e+03
1.305638419148469893e+03
1.340403467746376236e+03
1.463941026036148514e+03
1.577514362799114906e+03
1.560631517716282815e+03
1.506591227881960549e+03
1.576160917897980653e+03
1.642276488907687281e+03
1.637848908319994507e+03
1.586698302544786657e+03
1.519331850974062718e+03
1.503519859815108020e+03
1.575973804742088532e+03
1.692828787127072246e+03
1.760361563809062773e+03
1.696877085065725623e+03
1.604426832598967394e+03
1.535125498097291029e+03
1.518725219229844015e+03
1.605805546618178141e+03
1.722321844953406298e+03
1.762464536463410695e+03
1.630747442761979983e+03
1.545472210420816054e+03
1.627374346001403410e+03
1.734840169309297153e+03
1.657502120078784628e+03
1.539303992145233678e+03
1.560073837407483097e+03
1.624348849280599325e+03
1.662443717290412224e+03
1.685068501502665185e+03
1.675634866130004411e+03
1.643533356332466383e+03
1.606136733934089307e+03
1.613768337890777730e+03
1.687293707448599889e+03
1.740879824104341424e+03
1.696747850042092068e+03
1.631637617963926914e+03
1.657336020763894794e+03
1.747135070783061110e+03
1.705997669244945882e+03
1.619847101954488380e+03
1.667504342162784496e+03
1.749704981356106373e+03
1.697250942239861615e+03
1.632960292041618459e+03
1.684712994052391423e+03
1.751191458577710364e+03
1.692861597020551244e+03
1.618205185652048840e+03
1.695307433090787072e+03
1.777557950661298719e+03
1.688617226577762949e+03
1.584859708263580160e+03
1.681846925571098382e+03
1.798463131904990860e+03
1.678449597935717293e+03
1.558932991056679384e+03
1.663603294182746822e+03
1.834442617050100580e+03
1.698432539128630197e+03
1.497685552395035756e+03
1.541711226291442927e+03
1.766347637972236043e+03
1.725143236536730456e+03
1.523607572692522808e+03
1.478356332927364519e+03
1.756930671685086054e+03
1.768426786530666504e+03
1.604568758760767196e+03
1.465559618912512633e+03
