5.000000000000000000e+03
8.064088661138911448e+03
9.155626403380374541e+03
9.391508352401315278e+03
9.297064848767902731e+03
9.154323171005835320e+03
8.998345496522520989e+03
8.845597369774008257e+03
8.677328600034548799e+03
8.483164898542199808e+03
8.224177145774421660e+03
7.888759521667072477e+03
7.512986969990534817e+03
7.191112601991643714e+03
6.980785391536933275e+03
6.734754694636008935e+03
6.442750827050251246e+03
6.073694766942264323e+03
5.714965621354615905e+03
5.542081187979963943e+03
5.581911316698488918e+03
5.607999709662479290e+03
5.364357426910672075e+03
4.839205310884279243e+03
4.629548627371675138e+03
4.830997573146495597e+03
5.127079217477297789e+03
5.354255152932996680e+03
5.552334434747021987e+03
5.579152290515649838e+03
5.331671304892594890e+03
4.976703995053043400e+03
4.850335375247022967e+03
4.944227133502906327e+03
4.863643470645458365e+03
4.663715584403378671e+03
4.588994553537762840e+03
4.667628749518935365e+03
4.840125165809237842e+03
4.961733865732092454e+03
4.866088781225790626e+03
4.580799731589502699e+03
4.302552173889407641e+03
4.316401643606587641e+03
4.529175301397476687e+03
4.762158543932915563e+03
4.903275943984906007e+03
4.784271281713607095e+03
4.487564283178872756e+03
4.246799283052308056e+03
4.426765722426326647e+03
4.715786341130174151e+03
4.684110153000789978e+03
4.409233266400985485e+03
4.420773114445958527e+03
4.711684825490672665e+03
4.809701631126398752e+03
4.694087043359910240e+03
4.562807980190269518e+03
4.464132554340086244e+03
4.439985279167074623e+03
4.499401839304002351e+03
4.603703959833620502e+03
4.643915383800420386e+03
4.509581361413269406e+03
4.324205798128077731e+03
4.329090044441367354e+03
4.488348273934888311e+03
4.517570600699810711e+03
4.333525666760608146e+03
4.301528369079579534e+03
4.501989362159656594e+03
4.512285356017086087e+03
4.311692648832116902e+03
4.320427811344164184e+03
4.483285070653839284e+03
4.467860324200299146e+03
4.286562094986210468e+03
4.322281911834310449e+03
4.513882472212630091e+03
4.468183499273364760e+03
4.226384690405766378e+03
4.297506129396340839e+03
4.574932288764712212e+03
4.532675966433410395e+03
4.204594932740118566e+03
4.300038859292246343e+03
4.628873032669212989e+03
4.603720745121819164e+03
4.160183410192954398e+03
4.225133236077228503e+03
4.710964296293755069e+03
4.891789715855646136e+03
4.443797970627533687e+03
4.274737642806881922e+03
4.663457769431461202e+03
4.975885896958025114e+03
4.541136958898496232e+03
4.223353230189164606e+03
4.469689917957745820e+03
4.886792555399217235e+03
