1.000000000000000000e+02
9.048451453317257176e+01
4.958299652623772147e+01
6.964359334849395111e+01
1.245303946497787848e+02
1.533460964609635369e+02
1.664656988030588138e+02
1.790660977943380203e+02
2.024316641489284905e+02
2.280955442195239868e+02
2.432404819801728024e+02
2.632401666959490854e+02
2.888764440877461652e+02
3.157801041744932036e+02
3.442283978096122610e+02
3.717260867622506453e+02
3.952766552536418772e+02
4.159697460866394181e+02
4.362356191687899241e+02
4.561312239927626138e+02
4.744277354222503504e+02
4.948427707232842181e+02
5.247924143477487178e+02
5.616300774108395899e+02
5.947449541141354530e+02
6.227632556445926184e+02
6.517823180503875165e+02
6.810601753971513972e+02
7.108871101893104196e+02
7.440452092317532333e+02
7.701598336661984376e+02
7.940461226757812483e+02
8.237096752724273756e+02
8.563727882589239471e+02
8.898303881939885969e+02
9.252900245617951214e+02
9.626076087106700925e+02
9.994493223434164975e+02
1.032776414477112439e+03
1.061657249573427180e+03
1.084116654099892230e+03
1.099514292588616172e+03
1.116988220286062187e+03
1.138001062760674813e+03
1.156022281140292080e+03
1.169935229521265910e+03
1.182774069038701327e+03
1.199497160258569693e+03
1.216848714506460965e+03
1.232368693869385424e+03
1.249510788281083023e+03
1.267622756161634697e+03
1.283188025001718870e+03
1.300329175480530694e+03
1.326037663464589741e+03
1.354082358789173895e+03
1.379129235867978878e+03
1.405617043696995552e+03
1.437317686489850985e+03
1.472591415197767446e+03
1.507834292731236474e+03
1.536744123941104135e+03
1.553101563474468094e+03
1.559728822382040562e+03
1.569504146669002694e+03
1.587924961716050802e+03
1.594864892703415080e+03
1.597166027746258351e+03
1.605315270969494577e+03
1.613082731547895946e+03
1.615565783656649728e+03
1.614326022360604611e+03
1.617059972697650437e+03
1.622403110167533441e+03
1.623344020518236448e+03
1.624623056227307188e+03
1.629411354948478902e+03
1.631744025707861965e+03
1.631745283935063071e+03
1.633911431410186651e+03
1.635975146537469982e+03
1.635871556514268605e+03
1.636611310446611469e+03
1.638326319463183381e+03
1.638801706215703007e+03
1.639237367131353949e+03
1.640736676487312479e+03
1.641852583209027443e+03
1.642540811637784827e+03
1.643855877409603181e+03
1.645212661608784856e+03
1.646165855688003603e+03
1.647442030067209544e+03
1.648952670956096426e+03
1.650136503948924883e+03
1.651345640802626804e+03
1.652820154840746909e+03
1.654168822965657000e+03
1.655429550655864659e+03
1.656871049532843699e+03
1.658291369955450591e+03
