1.000000000000000000e+02
8.112596633591789441e+01
8.985484447112872886e+01
1.022343547687160026e+02
1.150317243580115019e+02
1.277856790846043396e+02
1.396453547889512095e+02
1.512897328857418984e+02
1.637925048483488126e+02
1.765470249114561909e+02
1.901190467160644175e+02
2.038749207477816014e+02
2.187084533229653402e+02
2.340224406517334330e+02
2.508104797397115249e+02
2.686055241479108986e+02
2.881690138151539031e+02
3.089457015731159686e+02
3.310711774011232933e+02
3.538533952138902805e+02
3.770685921499259052e+02
4.004195031402841778e+02
4.233474389143173653e+02
4.456885590111043030e+02
4.656680315377470833e+02
4.824692027139950596e+02
4.981122636269016652e+02
5.159310908366235253e+02
5.345564490161061713e+02
5.541794665013544545e+02
5.741645764442173459e+02
5.950606060350991129e+02
6.164648020725625202e+02
6.390607649621781547e+02
6.624697973896263647e+02
6.874407420582703026e+02
7.136350414699591056e+02
7.419137144508855499e+02
7.718747710315290078e+02
8.042693741293933272e+02
8.384337345773494690e+02
8.746101502433211863e+02
9.114677879752422314e+02
9.489512821706473460e+02
9.858625173297147057e+02
1.022730113578033411e+03
1.058848115721096974e+03
1.095013667718637180e+03
1.130769773481723178e+03
1.166907415579207054e+03
1.203166626798469679e+03
1.240209895740890943e+03
1.277734543263739624e+03
1.316052677990237044e+03
1.354728988548127518e+03
1.393996872613888172e+03
1.433619046457732566e+03
1.473824203108408710e+03
1.514454155515604725e+03
1.555574237044118263e+03
1.597164218431521249e+03
1.639138822588686480e+03
1.681671091123815586e+03
1.724493458056977488e+03
1.767983737264790307e+03
1.811690631868703349e+03
1.856171018606054986e+03
1.900818642602182081e+03
1.946307202932120163e+03
1.991938475964313511e+03
2.038414040060600882e+03
2.085023987172460693e+03
2.132376627700372410e+03
2.179794030290582668e+03
2.227622216974866660e+03
2.275092937923079262e+03
2.322062656993462497e+03
2.367244866599245597e+03
2.410165190776557210e+03
2.449403369697694870e+03
2.484820807692458857e+03
2.516630066049136531e+03
2.545121487258405978e+03
2.570635910067684563e+03
2.593439994120691608e+03
2.613825553909701739e+03
2.632009280085755563e+03
2.648174604481125243e+03
2.662534902525841062e+03
2.675242917446936190e+03
2.686425390236114708e+03
2.696217605964589893e+03
2.704762478834761168e+03
2.712190975041580259e+03
2.718607195469409362e+03
2.724086954108046939e+03
2.728683565256530528e+03
2.732441964004638976e+03
2.735411556248126544e+03
2.737663988825669094e+03
2.739302819538236236e+03
