5.000000000000000000e+03
9.640884987469404223e+03
9.816267427300888812e+03
9.800943980961135821e+03
9.775837130659512695e+03
9.750456436168115033e+03
9.726729192019829497e+03
9.703554860054719029e+03
9.679090752305401111e+03
9.653811901399840281e+03
9.627177099632264799e+03
9.599934652048414137e+03
9.570873132117227215e+03
9.540642973741507376e+03
9.507833718367515758e+03
9.472854975915524847e+03
9.434600215624775956e+03
9.393785018195620069e+03
9.350240157322054074e+03
9.305305896572983329e+03
9.259276379565681054e+03
9.213067083794174323e+03
9.167341863808223934e+03
9.122845312519642903e+03
9.082304048257359682e+03
9.048006370883313139e+03
9.016895296542697906e+03
8.982196122847431980e+03
8.945472469812812051e+03
8.906836179613699642e+03
8.867320069259674710e+03
8.826142770896787624e+03
8.783864979653797491e+03
8.739414148935444246e+03
8.693247855417084793e+03
8.644217785471104435e+03
8.592648314030800975e+03
8.537239571826305109e+03
8.478318758650064410e+03
8.414862056466234208e+03
8.347591432704784893e+03
8.276466711159537226e+03
8.203476064012389543e+03
8.129306821470467185e+03
8.055862576558360161e+03
7.982707533206857988e+03
7.910836471702727977e+03
7.839081803897655846e+03
7.768074043827848072e+03
7.696459884791611330e+03
7.624647339265450682e+03
7.551338758460284225e+03
7.477133203996583688e+03
7.401266934966336521e+03
7.324745656702989436e+03
7.246927017638570760e+03
7.168542536287499388e+03
7.088859035155119273e+03
7.008493173264199868e+03
6.926970283929947072e+03
6.844704046752444810e+03
6.761467779667406830e+03
6.677342162947701581e+03
6.592416615931540946e+03
6.506401592706119118e+03
6.419724489633903431e+03
6.331750141636139233e+03
6.243220537865854567e+03
6.153236961944184259e+03
6.062778215077668392e+03
5.970806084716899022e+03
5.878430249615718822e+03
5.784656630890655833e+03
5.690673463172943229e+03
5.595823608881341897e+03
5.501590303032801785e+03
5.408125570252707803e+03
5.317930797196599997e+03
5.231965405788618227e+03
5.152917455130746930e+03
5.081457661642065432e+03
5.017220571335573368e+03
4.959666439112241278e+03
4.908121019541396890e+03
4.862036693747360914e+03
4.820843094191784985e+03
4.784079366271441359e+03
4.751382404772021800e+03
4.722331059050553449e+03
4.696602804280702912e+03
4.673941834187278801e+03
4.654082771618554034e+03
4.636743335179267888e+03
4.621658524802496686e+03
4.608613297125766621e+03
4.597448710219667191e+03
4.588052033035023669e+03
4.580332211724419722e+03
4.574194462303702494e+03
4.569503453524755969e+03
4.566065203657664824e+03
