7.650000000000000000e+01
7.847329769382294096e+00
5.001344117280297208e-02
7.088195527142401712e-05
1.001189741603105770e-07
1.414151896754431143e-10
1.997449134271576615e-13
2.821339810206821622e-16
3.985061841167063493e-19
5.628785947893909137e-22
7.950499267014936894e-25
1.122985297006295942e-27
1.586184634371778535e-30
2.240440459037485987e-33
3.164558111155921635e-36
4.469847881244308562e-39
6.313532373139543274e-42
8.917684020957036075e-45
1.259597379051480871e-47
1.779145295555212083e-50
2.512991877674327909e-53
3.549529199798380565e-56
5.013608540542256394e-59
7.081578762396442045e-62
1.000252759314958337e-64
1.412828432877038209e-67
1.995579779367809597e-70
2.818699399835951110e-73
3.981332336987556708e-76
5.623518129838651879e-79
7.943058624578930194e-82
1.121934327529374517e-84
1.584700170024889665e-87
2.238343695577105319e-90
3.161596492698730033e-93
4.465664679823781389e-96
6.307623720699114159e-99
8.909338218268577125e-102
1.258418558276068982e-104
1.777480244903506758e-107
2.510640041219989041e-110
3.546207298027829731e-113
5.008916449239379616e-116
7.074951317542506225e-119
9.993166516721881991e-122
1.411506207587857345e-124
1.993712173939254512e-127
2.816061460548820534e-130
3.977606323143201893e-133
5.618255241782032382e-136
7.935624945625092042e-139
1.120884341624406103e-141
1.583217094945271628e-144
2.236248894417035687e-147
3.158637645934641265e-150
4.461485393340538267e-153
6.301720597995699351e-156
8.901000226175602389e-159
1.257240840724944453e-161
1.775816752524573525e-164
2.508290405781402138e-167
3.542888505129117946e-170
5.004228749129118429e-173
7.068330075122624927e-176
9.983814201055004337e-179
1.410185219731102551e-181
1.991846316348632588e-184
2.813425990032812336e-187
3.973883796367493996e-190
5.612997279110209825e-193
7.928198223636496333e-196
1.119835338370894025e-198
1.581735407832748661e-201
2.234156053720816486e-204
3.155681568269706042e-207
4.457310018130702275e-210
6.295822999854181199e-213
8.892670037368398450e-216
1.256064225365631258e-218
1.774154816960071049e-221
2.505942969298700067e-224
3.539572818192743074e-227
4.999545436101882026e-230
7.061715029332124265e-233
9.974470637950010438e-236
1.408865468148696800e-238
1.989982204960192247e-241
2.810792985977476245e-244
3.970164753396986954e-247
5.607744237213658590e-250
7.920778452102323732e-253
1.118787316849202709e-255
1.580255107388362579e-258
2.232065171653705724e-261
3.152728257112404350e-264
4.453138550533826576e-267
6.289930921104277746e-270
8.884347644544092989e-273
1.254888711166620167e-275
1.772494436753020922e-278
2.503597729713944819e-281
