5.000000000000000000e+03
8.927729210515646628e+03
9.695561192745009976e+03
9.810634283020055591e+03
9.704145532099015327e+03
9.611561030508049953e+03
9.562784756001965434e+03
9.527418897842100705e+03
9.473362721381119627e+03
9.404145013067653053e+03
9.355870673209146844e+03
9.305476652017241577e+03
9.240405078608006079e+03
9.169086175127991737e+03
9.093365687215407888e+03
9.017744367770668759e+03
8.950319809718506804e+03
8.891551630275273055e+03
8.835928624507792847e+03
8.781354768628243619e+03
8.730301011870882576e+03
8.677286841266430201e+03
8.604630572461595875e+03
8.510591527219708951e+03
8.417734421505689170e+03
8.337675757571130816e+03
8.259509420554706594e+03
8.179867911414030459e+03
8.100051370917042732e+03
8.012305836933394858e+03
7.935170138847841372e+03
7.869028907264164445e+03
7.793057229606245528e+03
7.707114930039319006e+03
7.617461402399470899e+03
7.523150475260586063e+03
7.423551987048862429e+03
7.323076308475439873e+03
7.229436261056835974e+03
7.146867925890770493e+03
7.079499490881368729e+03
7.031563101617358370e+03
6.985709303728237501e+03
6.931240886072512694e+03
6.879689284709229469e+03
6.838397376882933713e+03
6.802685468275563835e+03
6.760461746737215435e+03
6.713705756899677908e+03
6.670424031469816327e+03
6.625319004291064630e+03
6.576753116597580629e+03
6.532361971626436571e+03
6.487912360435300798e+03
6.425434005912236898e+03
6.351333782664936734e+03
6.281343569973441845e+03
6.211008716165215446e+03
6.129529996819809639e+03
6.037124947126262668e+03
5.941452916026850289e+03
5.856923695169768507e+03
5.800966382037915537e+03
5.774115680605480520e+03
5.750520779185178981e+03
5.706554241108387941e+03
5.677789716406042317e+03
5.668512379881136440e+03
5.650382412167029543e+03
5.628753742219092601e+03
5.617463477883155974e+03
5.617696950995734369e+03
5.613685025017154658e+03
5.600874509296925680e+03
5.594871057259111694e+03
5.592039387830409396e+03
5.581581296947853843e+03
5.573083121634730560e+03
5.571428198240761049e+03
5.567187081053403745e+03
5.561248654534289017e+03
5.559893292218826900e+03
5.558620988299242526e+03
5.554587810557910416e+03
5.552320064482816633e+03
5.551214089665873871e+03
5.547938573827494110e+03
5.544574873116363960e+03
5.542447052792522300e+03
5.539375095507672995e+03
5.535683646482052609e+03
5.532818803342293904e+03
5.529639101623495662e+03
5.525693701283424161e+03
5.522229578484262674e+03
5.518995615056370298e+03
5.515188734937291883e+03
5.511422166160138659e+03
5.507952855379589892e+03
5.504181587496158500e+03
5.500296950449876022e+03
