6.100000000000000000e+01
3.056788159366897162e+01
2.184753559147839752e+00
1.626011512153290733e-02
1.105941894773336223e-04
7.519036144953534804e-07
5.112003443506816643e-09
3.475522448572434653e-11
2.362920217728909569e-13
1.606489970347717467e-15
1.092212088018916656e-17
7.425675025885397640e-20
5.048529511340025269e-22
3.432368119803646180e-24
2.333580675993188490e-26
1.586542754534251358e-28
1.078650478151490006e-30
7.333473054484392867e-33
4.985843712136713478e-35
3.389749623018282225e-37
2.304605432934500307e-39
1.566843216220211455e-41
1.065257257980729025e-43
7.242415922239505585e-46
4.923936260254721933e-48
3.347660304982063722e-50
2.275989965185466935e-52
1.547388280081989391e-54
1.052030336671532580e-56
7.152489414089240577e-59
4.862797491231599771e-61
3.306093595070268650e-63
2.247729805543754100e-65
1.528174908981176900e-67
1.038967649349956389e-69
7.063679491475475720e-72
4.802417860605095786e-74
3.265043004243293023e-76
2.219820542274692203e-78
1.509200103490437716e-80
1.026067156780863565e-82
6.975972290151887047e-85
4.742787942423160440e-87
3.224502124033632655e-89
2.192257818422557610e-91
1.490460901425259033e-93
1.013326845049575623e-95
6.889354118019571275e-98
4.683898427772446093e-100
3.184464625545449549e-102
2.165037331130397001e-104
1.471954377381521856e-106
1.000744725247478604e-108
6.803811452989559396e-111
4.625740123325074096e-113
3.144924258466559132e-115
2.138154830968307180e-117
1.453677642278812146e-119
9.883188331615302294e-122
6.719330940871864923e-124
4.568303949903460964e-126
3.105874850092688111e-128
2.111606121270045955e-130
1.435627842909402145e-132
9.760472289676247644e-135
6.635899393290737502e-137
4.511580941062945092e-139
3.067310304363836920e-141
2.085387057477887949e-143
1.417802161492831261e-145
9.639279969277642984e-148
6.553503785625804043e-150
4.455562241692027660e-152
3.029224600912622713e-154
2.059493546495608331e-156
1.400197815236019712e-158
9.519592450909891036e-161
6.472131254978788372e-163
4.400239106629986339e-165
2.991611794124425794e-167
2.033921546049507695e-169
1.382812055898841356e-171
9.401391049980236043e-174
6.391769098165448107e-176
4.345602899301656084e-178
2.954466012209214716e-180
2.008667064057362733e-182
1.365642169365091852e-184
9.284657313895874514e-187
6.312404769732477410e-189
4.291645090369160402e-191
2.917781456284889707e-193
1.983726158005218643e-195
1.348685475218785142e-197
9.169373019183302567e-200
6.234025879999010471e-202
4.238357256400382577e-204
2.881552399472013378e-206
1.959094934331918992e-208
1.331939326325709177e-210
9.055520168643417902e-213
