6.250000000000000000e+01
5.953110184427710294e+01
9.574505931570446648e+01
1.251870998956252379e+02
1.480218039862502621e+02
1.692855878342378730e+02
1.920785855425137640e+02
2.175748855748765891e+02
2.443613240704860345e+02
2.711177388618641544e+02
2.979872171330662241e+02
3.245748761177993629e+02
3.500245988737825655e+02
3.747261183864844725e+02
3.993132871060018942e+02
4.237623356769578891e+02
4.480375746623965370e+02
4.722002570093382587e+02
4.961633015351682161e+02
5.206358569039094846e+02
5.458356624630506531e+02
5.714372051749395496e+02
5.973777899221195185e+02
6.241809129759413963e+02
6.524662010747754266e+02
6.832536558486716558e+02
7.170614516418841049e+02
7.524279352236391105e+02
7.883697748456215777e+02
8.244992249785916556e+02
8.619855080042501640e+02
9.011042496835391375e+02
9.398956999314364111e+02
9.779770671275636005e+02
1.016439730717684142e+03
1.056853619049188183e+03
1.098795983960663762e+03
1.139893348708397298e+03
1.179980301182424910e+03
1.220151144309184474e+03
1.260083412802249313e+03
1.297150262165614549e+03
1.330340194440951791e+03
1.360801815618256114e+03
1.387468246569567327e+03
1.414022061610148285e+03
1.445191387695969070e+03
1.475951428801080510e+03
1.503389429250167041e+03
1.527743681834449262e+03
1.549161308247916168e+03
1.567899362323809555e+03
1.582338388520413901e+03
1.593632427772467736e+03
1.602562305839474448e+03
1.608802442072761096e+03
1.614191229120560820e+03
1.619251429125240065e+03
1.622459229843681896e+03
1.624062608349307538e+03
1.626358744603689502e+03
1.629085606570326945e+03
1.629984840753450499e+03
1.630121979811645588e+03
1.631355411034785902e+03
1.632722630340344494e+03
1.633450775152678716e+03
1.634325004641821351e+03
1.635420767497398629e+03
1.636287264097970365e+03
1.637169459351687010e+03
1.638295324056221943e+03
1.639210087869117160e+03
1.639193164147725611e+03
1.639293489262872299e+03
1.640475003996950363e+03
1.640933079838650883e+03
1.641133634885124820e+03
1.641899809059236077e+03
1.642407427860766802e+03
1.642441337371876216e+03
1.642509233490100542e+03
1.642844217588748052e+03
1.643071426671491054e+03
1.643182369196998707e+03
1.643666778368547966e+03
1.644630537237039789e+03
1.645490939773956597e+03
1.645174244763692059e+03
1.645084294084432941e+03
1.645793715004089563e+03
1.645979953820164610e+03
1.646032841088966052e+03
1.646502096719804740e+03
1.646823095112898955e+03
1.647044175722380714e+03
1.647491442962039400e+03
1.647746768272007557e+03
1.647543854053030827e+03
1.647413750490088660e+03
1.647537522647787682e+03
