8.375000000000000000e+01
8.326182998804542024e+01
1.125927581277743883e+02
1.536419355124454853e+02
1.956190522245278203e+02
2.400288949769818032e+02
2.861988520837622332e+02
3.331907834524973282e+02
3.810093929931925345e+02
4.295969339914629472e+02
4.785865264836593838e+02
5.264139040648564105e+02
5.718113630146938249e+02
6.157970575611918775e+02
6.591474153942285739e+02
7.007535247044831976e+02
7.397909015854504560e+02
7.774410121714057595e+02
8.139559266031170637e+02
8.481493249373462504e+02
8.805749210644023606e+02
9.129174273579258170e+02
9.469092896120658907e+02
9.836594488197953297e+02
1.024316862278111557e+03
1.070077132018847806e+03
1.121492058245883072e+03
1.177676798609026946e+03
1.236590139118113029e+03
1.292899837351970291e+03
1.338303093750413154e+03
1.371700281196627202e+03
1.404089737682279520e+03
1.439019052645051715e+03
1.466252250878427049e+03
1.489115964385650841e+03
1.511360203830903856e+03
1.531132720648632130e+03
1.548584182563645072e+03
1.564229785847497169e+03
1.577033022386882976e+03
1.587413052272162304e+03
1.598712666689669732e+03
1.608179797162544673e+03
1.612070899666168316e+03
1.614117571108699167e+03
1.619077663597134915e+03
1.623268220344359406e+03
1.624000353613439984e+03
1.626112260870850832e+03
1.629499919089394780e+03
1.631011572447925573e+03
1.632041131067170227e+03
1.634079765778446699e+03
1.636369535449346586e+03
1.638428246423193059e+03
1.640455103075261377e+03
1.642604349518945583e+03
1.644970869341619846e+03
1.646705037679405450e+03
1.647773382055061575e+03
1.648588326997459262e+03
1.648942020139982560e+03
1.649922821737063714e+03
1.651206622430478319e+03
1.652137068221140453e+03
1.652904114137744727e+03
1.653655997255318653e+03
1.654140877110376096e+03
1.653873975405002511e+03
1.654271192516732754e+03
1.655074102104312715e+03
1.655305484403468427e+03
1.655651215457028002e+03
1.656281892203366624e+03
1.656533955463320581e+03
1.656785629967499972e+03
1.657490969358351322e+03
1.658131205153388009e+03
1.658207253999532895e+03
1.657792824143009739e+03
1.657572655769022276e+03
1.658184404632280348e+03
1.658793953051658718e+03
1.658860454115327911e+03
1.659124104079244489e+03
1.659485696804366398e+03
1.659644135623080274e+03
1.659913275039401242e+03
1.660293710341304632e+03
1.660554516730565410e+03
1.660826829529549741e+03
1.661181743760639165e+03
1.661474535844708953e+03
1.661735957164334195e+03
1.662045462205018794e+03
1.662325552449012321e+03
1.662556726469821115e+03
1.662796436808068847e+03
1.663007115943275494e+03
1.663144740162448670e+03
