5.000000000000000000e+03
8.979481526312085407e+03
9.574256784318517020e+03
9.572810728551959983e+03
9.488406111980561036e+03
9.394138745359003224e+03
9.295345200175734135e+03
9.190380705980212952e+03
9.081313932950746675e+03
8.971974671152802330e+03
8.863506210633746377e+03
8.756575241905968142e+03
8.653104414362356692e+03
8.552841823298076633e+03
8.454034958691419888e+03
8.356120107721017121e+03
8.258915085301137879e+03
8.162259689274531411e+03
8.066582400250813407e+03
7.971282158386524316e+03
7.876701931649236940e+03
7.783541927115549697e+03
7.690665710502475122e+03
7.594559222834533102e+03
7.492042104002914130e+03
7.379965868410502480e+03
7.255271646012032761e+03
7.119587404733366384e+03
6.977046555881481254e+03
6.834770733641256811e+03
6.703979713371147227e+03
6.589899258223121251e+03
6.485104155022159830e+03
6.388890338633612373e+03
6.299875899497571481e+03
6.207492192233401511e+03
6.114721834069664510e+03
6.030507458090211003e+03
5.954079828359902422e+03
5.885142153755003164e+03
5.824680148278421257e+03
5.773140344050735621e+03
5.732657289717141794e+03
5.699412707195663643e+03
5.670551681071644452e+03
5.649022146322272420e+03
5.631298367903329563e+03
5.612679751391549871e+03
5.599673558210499323e+03
5.592225538550648707e+03
5.583460607225384592e+03
5.575155387411698030e+03
5.570882626025120771e+03
5.567204940816849557e+03
5.562316706794033053e+03
5.559315775520823081e+03
5.557767911433144945e+03
5.553960059628521776e+03
5.549666859000371915e+03
5.548379283288990337e+03
5.548125468463475045e+03
5.545614063423854532e+03
5.542653601892382540e+03
5.540653149016324278e+03
5.538298606703409860e+03
5.535811698824964878e+03
5.533840255137216445e+03
5.531897307715427814e+03
5.529951812924873593e+03
5.528415977254894642e+03
5.527061781853749380e+03
5.525458128939931157e+03
5.523552789500175095e+03
5.521620458851763942e+03
5.519770401493750796e+03
5.517763028343876613e+03
5.515447943299579492e+03
5.512949851367313386e+03
5.510644253575403127e+03
5.508822831264240449e+03
5.507034929917968839e+03
5.505190343239894901e+03
5.503822317580612435e+03
5.502992771147277381e+03
5.502708840638734728e+03
5.502862238022991733e+03
5.502198137888433848e+03
5.501130862924434041e+03
5.501132327170114877e+03
5.500500373969676730e+03
5.499299554611990061e+03
5.498977903067569969e+03
5.498867401000809878e+03
5.498698875353443327e+03
5.500038455266220808e+03
5.502540228995418147e+03
5.501718588750254639e+03
5.499609359223133652e+03
5.498986687217093277e+03
5.497792134328004977e+03
5.496247499181680723e+03
