5.000000000000000000e+03
9.073020591097469151e+03
9.832126489441556259e+03
9.971707676439538773e+03
9.995235313332475926e+03
9.999197583199114888e+03
9.999864865673809618e+03
9.999977242143864714e+03
9.999996167368939496e+03
9.999999354549885538e+03
9.999999891300300078e+03
9.999999981693976224e+03
9.999999996917098542e+03
9.999999999480811312e+03
9.999999999912564817e+03
9.999999999985275281e+03
9.999999999997518898e+03
9.999999999999581632e+03
9.999999999999929059e+03
9.999999999999983629e+03
9.999999999999983629e+03
9.999999999999983629e+03
9.999999999999983629e+03
9.999999999999983629e+03
9.999999999999983629e+03
9.999999999999983629e+03
9.999999999999983629e+03
9.999999999999983629e+03
9.999999999999983629e+03
9.999999999999983629e+03
9.999999999999983629e+03
9.999999999999983629e+03
9.999999999999983629e+03
9.999999999999983629e+03
9.999999999999983629e+03
9.999999999999983629e+03
9.999999999999983629e+03
9.999999999999983629e+03
9.999999999999983629e+03
9.999999999999983629e+03
9.999999999999983629e+03
9.999999999999983629e+03
9.999999999999983629e+03
9.999999999999983629e+03
9.999999999999983629e+03
9.999999999999983629e+03
9.999999999999983629e+03
9.999999999999983629e+03
9.999999999999983629e+03
9.999999999999983629e+03
9.999999999999983629e+03
9.999999999999983629e+03
9.999999999999983629e+03
9.999999999999983629e+03
9.999999999999983629e+03
9.999999999999983629e+03
9.999999999999983629e+03
9.999999999999983629e+03
9.999999999999983629e+03
9.999999999999983629e+03
9.999999999999983629e+03
9.999999999999983629e+03
9.999999999999983629e+03
9.999999999999983629e+03
9.999999999999983629e+03
9.999999999999983629e+03
9.999999999999983629e+03
9.999999999999983629e+03
9.999999999999983629e+03
9.999999999999983629e+03
9.999999999999983629e+03
9.999999999999983629e+03
9.999999999999983629e+03
9.999999999999983629e+03
9.999999999999983629e+03
9.999999999999983629e+03
9.999999999999983629e+03
9.999999999999983629e+03
9.999999999999983629e+03
9.999999999999983629e+03
9.999999999999983629e+03
9.999999999999983629e+03
9.999999999999983629e+03
9.999999999999983629e+03
9.999999999999983629e+03
9.999999999999983629e+03
9.999999999999983629e+03
9.999999999999983629e+03
9.999999999999983629e+03
9.999999999999983629e+03
9.999999999999983629e+03
9.999999999999983629e+03
9.999999999999983629e+03
9.999999999999983629e+03
9.999999999999983629e+03
9.999999999999983629e+03
9.999999999999983629e+03
9.999999999999983629e+03
9.999999999999983629e+03
9.999999999999983629e+03
9.999999999999983629e+03
