5.625000000000000000e+01
5.211647682159586026e+01
3.853763431191034528e+01
6.357505709857036180e+01
7.677460877925275895e+01
9.233974023589111368e+01
1.094801410763956966e+02
1.253238158471618817e+02
1.414062922177129735e+02
1.575215091097090010e+02
1.734931487653725242e+02
1.897074999217182096e+02
2.065004908507743551e+02
2.241455165857325653e+02
2.430325593971827232e+02
2.636565330247161683e+02
2.866416583040345927e+02
3.124709371274439036e+02
3.408876755954264013e+02
3.700037527341806367e+02
3.969762629740253033e+02
4.212233472806955774e+02
4.451704904235738240e+02
4.703951985798707938e+02
4.959814095176875526e+02
5.223687219123740988e+02
5.511862865241569125e+02
5.810920410780937573e+02
6.106912671041608291e+02
6.410935890446648955e+02
6.720157216781079796e+02
7.012977184652692131e+02
7.276606879000704566e+02
7.496563722027098038e+02
7.693516021795431925e+02
7.959856098732361716e+02
8.263018602092741958e+02
8.571973047039433595e+02
8.904104452391745781e+02
9.285235800204294492e+02
9.725762779610173538e+02
1.022072845408282092e+03
1.075944365734134408e+03
1.132438476979526740e+03
1.189557600726456258e+03
1.244132886410540323e+03
1.294086333164584175e+03
1.344137349924653790e+03
1.388345238204528641e+03
1.424062627813913423e+03
1.458658744001838386e+03
1.487618494400964892e+03
1.510546365577529286e+03
1.534852700979839483e+03
1.557158745254653695e+03
1.573637442180704966e+03
1.584529710220877860e+03
1.595151388216930400e+03
1.605323850243117477e+03
1.609321131159254492e+03
1.613207876714965550e+03
1.620858413117389773e+03
1.625166102781074187e+03
1.626860315083705700e+03
1.631074885492592557e+03
1.634002613168960352e+03
1.633661007053515732e+03
1.634361726347140802e+03
1.635601417149662893e+03
1.634889561703169875e+03
1.634604652046833280e+03
1.635603431632559477e+03
1.635577408154215163e+03
1.635142899921067965e+03
1.635679092241439321e+03
1.635867708000270795e+03
1.635425281819412703e+03
1.635602772111501054e+03
1.635917076485940015e+03
1.635671478001231662e+03
1.635651980634434494e+03
1.635941389720322604e+03
1.635870154422327687e+03
1.635769662904664983e+03
1.635979037771485764e+03
1.636041377697114285e+03
1.635957186880457130e+03
1.636086580267599857e+03
1.636219294962724234e+03
1.636194840315055217e+03
1.636273833845682020e+03
1.636432641377589789e+03
1.636481279542517768e+03
1.636550713972771973e+03
1.636716983975891253e+03
1.636835527010703117e+03
1.636933080734796476e+03
1.637111040392552695e+03
1.637292507726466738e+03
1.637444262185519165e+03
1.637647842493176540e+03
