1.000000000000000000e+02
1.226146233499708842e+02
6.800680952807505264e+01
3.118992959887717120e+01
7.013856908737095885e+00
6.140204959882521463e-01
4.531750128243850623e-02
3.310318477155902925e-03
2.416571343764774412e-04
1.764052635820838284e-05
1.287722397422627095e-06
9.400108727060961654e-08
6.861886001407220065e-09
5.009035620860462465e-10
3.656492958981643403e-11
2.669164639864862277e-12
1.948435277908197624e-13
1.422317670291526458e-14
1.038262639852915653e-15
7.579103682888180418e-17
5.532589773634422297e-18
4.038676720102575674e-19
2.948150923321334911e-20
2.152089525615629824e-21
1.570981081608519369e-22
1.146783871858620711e-23
8.371286351892356905e-25
6.110866825481371766e-26
4.460807071822041834e-27
3.256297396147240319e-28
2.377030111688791370e-29
1.735183082036815694e-30
1.266647954260738865e-31
9.246269495375782765e-33
6.749586520353544855e-34
4.927059309543384861e-35
3.596651938093321657e-36
2.625481925645681613e-37
1.916547795154845160e-38
1.399040463860577989e-39
1.021270758009498166e-40
7.455066440946308673e-42
5.442045138670949202e-43
3.972580999234237155e-44
2.899902406787277778e-45
2.116869101098672858e-46
1.545270896254342522e-47
1.128015965451703672e-48
8.234284495994973871e-50
6.010858289034228138e-51
4.387802897558950215e-52
3.203005850753485742e-53
2.338128379847816327e-54
1.706785618066771908e-55
1.245918389746066810e-56
9.094947938837764085e-58
6.639124897018995134e-59
4.846424596890015114e-60
3.537790256647635713e-61
2.582514109073837307e-62
1.885182172977448790e-63
1.376144204914531404e-64
1.004556959993330874e-65
7.333059153736851051e-67
5.352982328902566826e-68
3.907566980274685191e-69
2.852443510394212009e-70
2.082225083040828551e-71
1.519981475757670802e-72
1.109555208734926467e-73
8.099524769649769631e-75
5.912486461035810417e-76
4.315993486793590283e-77
3.150586458134786683e-78
2.299863301590986472e-79
1.678852898116121121e-80
1.225528078804988550e-81
8.946102863596825940e-83
6.530471054085941769e-84
4.767109526740662492e-85
3.479891887082624601e-86
2.540249490357944077e-87
1.854329870768937256e-88
1.353622658985917708e-89
9.881166947714144621e-91
7.213048599655144307e-92
5.265377093241292675e-93
3.843616960428578353e-94
2.805761311465714854e-95
2.048148038154150029e-96
1.495105934012360506e-97
1.091396574992463573e-98
7.966970478865296907e-100
5.815724555627217423e-101
4.245359286399995539e-102
3.099024944911427674e-103
2.262224457644736604e-104
1.651377316329504587e-105
1.205471469319555981e-106
8.799693740334116990e-108
6.423595405985376196e-109
