5.000000000000000000e+03
6.659081922492690865e+03
7.837805239311550395e+03
8.624833132535639379e+03
9.152343158231056805e+03
9.486680343866715702e+03
9.689436070874906363e+03
9.812106927791917769e+03
9.886323551289240640e+03
9.931225058839087069e+03
9.958390743330619443e+03
9.974826147265941472e+03
9.984769666362666612e+03
9.990785555744885642e+03
9.994425205320354507e+03
9.996627215395768872e+03
9.997959444851292574e+03
9.998765451754703463e+03
9.999253090821421210e+03
9.999548115415358552e+03
9.999726607084645366e+03
9.999834595627498857e+03
9.999899929351106039e+03
9.999939456650276043e+03
9.999963370906092678e+03
9.999977839175951885e+03
9.999986592566998297e+03
9.999991888421689509e+03
9.999995092445908085e+03
9.999997030900000027e+03
9.999998203676486810e+03
9.999998913213375999e+03
9.999999342487497415e+03
9.999999602200947265e+03
9.999999759329159133e+03
9.999999854392681300e+03
9.999999911906688794e+03
9.999999946703013848e+03
9.999999967754998579e+03
9.999999980491578754e+03
9.999999988197287166e+03
9.999999992859286067e+03
9.999999995679825588e+03
9.999999997386268660e+03
9.999999998418676114e+03
9.999999999043289790e+03
9.999999999421184839e+03
9.999999999649813617e+03
9.999999999788135028e+03
9.999999999871821274e+03
9.999999999922451025e+03
9.999999999953080987e+03
9.999999999971614670e+03
9.999999999982825102e+03
9.999999999989606295e+03
9.999999999993711754e+03
9.999999999996194674e+03
9.999999999997698978e+03
9.999999999998606654e+03
9.999999999999155989e+03
9.999999999999490683e+03
9.999999999999690772e+03
9.999999999999812644e+03
9.999999999999878128e+03
9.999999999999934516e+03
9.999999999999945430e+03
9.999999999999945430e+03
9.999999999999945430e+03
9.999999999999945430e+03
9.999999999999945430e+03
9.999999999999945430e+03
9.999999999999945430e+03
9.999999999999945430e+03
9.999999999999945430e+03
9.999999999999945430e+03
9.999999999999945430e+03
9.999999999999945430e+03
9.999999999999945430e+03
9.999999999999945430e+03
9.999999999999945430e+03
9.999999999999945430e+03
9.999999999999945430e+03
9.999999999999945430e+03
9.999999999999945430e+03
9.999999999999945430e+03
9.999999999999945430e+03
9.999999999999945430e+03
9.999999999999945430e+03
9.999999999999945430e+03
9.999999999999945430e+03
9.999999999999945430e+03
9.999999999999945430e+03
9.999999999999945430e+03
9.999999999999945430e+03
9.999999999999945430e+03
9.999999999999945430e+03
9.999999999999945430e+03
9.999999999999945430e+03
9.999999999999945430e+03
9.999999999999945430e+03
9.999999999999945430e+03
