5.000000000000000000e+03
9.028099776683069649e+03
9.747285405536140388e+03
9.827132948731672514e+03
9.800927266930424594e+03
9.764334722520241485e+03
9.719109423636395150e+03
9.675470659113363581e+03
9.631962728865000827e+03
9.588206217550094152e+03
9.544759560550010065e+03
9.500967540728976019e+03
9.455924201691183043e+03
9.408851846500418105e+03
9.358793458872338306e+03
9.304503072500072449e+03
9.244405193118993338e+03
9.177025198021397955e+03
9.102358504049305338e+03
9.023994329336532246e+03
8.948863184294856183e+03
8.880670458080123353e+03
8.815337510703178850e+03
8.747853995610586935e+03
8.678762455943387977e+03
8.608089326803266886e+03
8.532040792601286739e+03
8.451817581624571176e+03
8.371423442899465954e+03
8.289670237193531648e+03
8.206075322621540181e+03
8.125116043221362816e+03
8.050800472952396376e+03
7.986922172050333756e+03
7.931851417218242204e+03
7.865386234519526624e+03
7.786323064173004241e+03
7.703493183224094537e+03
7.615751994689375351e+03
7.516928727277378130e+03
7.402951499067168697e+03
7.273894613641129581e+03
7.131972080759849632e+03
6.981280988496901045e+03
6.826943209479637517e+03
6.676358528483704504e+03
6.536905790918632192e+03
6.400637612643657121e+03
6.274702563949564137e+03
6.170508167158605829e+03
6.075028580673200850e+03
5.990358281159001308e+03
5.923326155722125804e+03
5.857813052262486053e+03
5.795052209896402928e+03
5.745022453348352428e+03
5.710368237771274835e+03
5.681084678299550433e+03
5.652263897229972827e+03
5.636120879452224472e+03
5.625732178231527541e+03
5.607544660145435046e+03
5.592888766462432613e+03
5.586458716319701125e+03
5.576813665424104329e+03
5.567431332704532906e+03
5.565818978906760094e+03
5.564703537138844695e+03
5.561476457510805631e+03
5.561878224148430490e+03
5.563108288996185365e+03
5.561295764206832246e+03
5.560522232600822463e+03
5.561487433759626583e+03
5.560754188693783362e+03
5.559895195460161631e+03
5.560663666292162816e+03
5.560682467256509881e+03
5.559876194125343318e+03
5.560128001881234923e+03
5.560392300304759374e+03
5.559810351653002726e+03
5.559716934926890644e+03
5.560000157897445206e+03
5.559659700643804172e+03
5.559359516557220559e+03
5.559496388699200907e+03
5.559313760170018213e+03
5.558939598105836012e+03
5.558894078988583715e+03
5.558769990785087430e+03
5.558390309090970732e+03
5.558174559049315576e+03
5.558013450835453114e+03
5.557633792050271950e+03
5.557273094810505427e+03
5.557001341831776699e+03
5.556582872498340294e+03
5.556091054033628097e+03
5.555662609482746120e+03
5.555155534991864442e+03
